1 6 2 1 2 2
1 4 2 7
11 2 5
7 8 5
6 2 1 8 3
1 3 8 5
1 6 5 2 2
1 6 6 4 1 1
6 1 1 3 3 1 2
5 7 6
1 4 5 3 2
2 1 2 2 2 1
1 6 4 2 2
1 2 5 1 5 2
1 2 1 5 3 1 1
2 1 2 4 6 2
4 2 3 3 2 2
5 3 1 4 1 2
3 4 1 6 1 2
4 1 5 1 7
1 1 2 6 10
6 1 1 2 3 2
2 5 8 2
3 5 3 2 5
3 1 1 3 2 1 1

2 6 1 1 1 
2 4 1 2 4 
7 1 10 
1 9 1 1 4 1 1 
12 5 4 1 
5 5 2 4 
4 2 1 4 1 3 
3 4 2 2 3 2 
1 1 2 2 1 1 3 1 3 
3 1 1 1 4 5 1 
16 1 2 1 
1 2 3 7 2 1 
7 2 8 2 
11 1 1 1 3 
1 10 3 5 
5 1 4 4 1 1 
4 1 1 5 3 
2 20 
3 8 1 2 3 3 
4 4 2 1 4 1 
2 2 1 6 5 
1 2 7 1 1 7 
1 3 2 1 2 1 
2 2 10 2 
1 1 1 4 1 1 
