24
25
25
25
1 25
4 25
4 2 25
8 3 25
12 13 25
29 25
32 25
33 10 25
72
37 33
39 30
40 26
40 25
42 26
24 16 27
26 15 29
18 4 15 31
15 2 6 1 38
14 6 29 8
13 5 10 18 5
14 13 9 4 4
13 9 4 5 3 2
12 5 5 5 3 2
11 1 6 2 2
11 2 7 2 1
11 3 6 2 1
11 1 2 6 1 1
11 3 2 5 1
10 5 1 5 1
10 8 4 2
10 10 4 2
10 11 4 3
10 12 4 3
10 13 3 4
10 10 3 2 4
10 11 2 5
10 11 2 5
10 10 5
10 6 1 1 6
10 6 7
10 4 2 7
9 2 4 2 8
8 3 5 2 9
9 3 8 10
11 3 2 4 11
11 3 2 2 13
12 3 1 19
13 4 20
8 3 5 23
7 3 2 4 25
6 3 2 6 27
6 3 2 7 32
5 4 3 43
5 6 4 44
4 7 18 17
3 8 14 15
2 8 12 13
2 7 8 10
1 3 7
5
4
3
3
2
1
1

25
29
32
34
37
40
42
44
34 11
34 11
22 12
17 3 6
16 2 5
16 2 2
15 3
14 3
14 4
13 4
13 4
13 3
12 3
12 4
12 4
12 4
12 4
12 3
12 3
12 3
11 3 3
1 11 2 2 2
14 4 1
16 12
16 11
17 4 3
18 3 3
19 3 3
19 11 3 5
19 14 9
21 17 8
15 3 18 8
15 3 19 8
12 3 11 3 7
14 12 3 7
15 9 2 2 6
2 11 9 5 5
2 8 8 4 5
2 5 3 4 5
3 3 3 4
3 3 4 4
4 4 3 4
4 4 4
5 4 3
6 4 3
5 6 4
12 4
24 2 5
32 5
27 4 6
27 6
27 1 6
25 1 3 7
26 5 8
33 8
35 9
24 11 9
24 12 10
24 2 5 10
25 3 12
25 3 12
27 2 13
30 15
22 6 16
23 17
23 20
23 21
24 25
25 28
15 8 32
15 11 35
14 53 